   1   0.00486
   2   0.00486 
   3   0.00486 
   4   0.00486 
   5   0.00486 
   6   0.00486 
   7   0.00486 
   8   0.00486 
   9   0.00486 
  10   0.00487 
  11   0.00488 
  12   0.004895
  13   0.00491 
  14   0.00492 
  15   0.00492 
  16   0.00492 
  17   0.00494 
  18   0.00495 
  19   0.004965
  20   0.004955
  21   0.00495 
  22   0.004945
  23   0.00495 
  24   0.004955
  25   0.00496 
  26   0.00495 
  27   0.004945
  28   0.004935
  29   0.004945
  30   0.00495 
  31   0.004955
  32   0.004945
  33   0.00492 
  34   0.004915
  35   0.00491 
  36   0.00491 
  37   0.00491 
  38   0.004895
  39   0.00488 
  40   0.00487 
  41   0.004875
  42   0.004875
  43   0.00487 
  44   0.004865
  45   0.00485 
  46   0.00483 
  47   0.004815
  48   0.00481 
  49   0.004815
  50   0.004815
  51   0.00481 
  52   0.00481 
  53   0.00481 
  54   0.004825
  55   0.00482 
  56   0.0048  
  57   0.004795
  58   0.004795
  59   0.0048  
  60   0.004815
  61   0.00483 
  62   0.004825
  63   0.00483 
  64   0.004815
  65   0.004825
  66   0.004835
  67   0.004825
  68   0.004825
  69   0.00482 
  70   0.004815
  71   0.004835
  72   0.004835
  73   0.00484 
  74   0.004835
  75   0.00483 
  76   0.004825
  77   0.004825
  78   0.00484 
  79   0.004845
  80   0.004855
  81   0.004865
  82   0.00486 
  83   0.004875
  84   0.004885
  85   0.004885
  86   0.00488 
  87   0.00488 
  88   0.004865
  89   0.00487 
  90   0.004875
  91   0.004875
  92   0.004865
  93   0.00486 
  94   0.004855
  95   0.00486 
  96   0.00485 
  97   0.004845
  98   0.00483 
  99   0.00482 
 100   0.004815
 101   0.00481 
 102   0.004815
 103   0.00483 
 104   0.004835
 105   0.00482 
 106   0.00482 
 107   0.004825
 108   0.004835
 109   0.004835
 110   0.00484 
 111   0.00483 
 112   0.004815
 113   0.00482 
 114   0.00482 
 115   0.004815
 116   0.004805
 117   0.004785
 118   0.004775
 119   0.00478 
 120   0.00479 
 121   0.004795
 122   0.004795
 123   0.00479 
 124   0.004795
 125   0.004805
 126   0.00482 
 127   0.004815
 128   0.004805
 129   0.004785
 130   0.004785
 131   0.004795
 132   0.00481 
 133   0.004815
 134   0.0048  
 135   0.00479 
 136   0.00479 
 137   0.00481 
 138   0.004815
 139   0.00481 
 140   0.0048  
 141   0.004785
 142   0.00479 
 143   0.004805
 144   0.004815
 145   0.004855
 146   0.00488 
 147   0.00491 
 148   0.00493 
 149   0.00495 
 150   0.00499 
 151   0.00504 
 152   0.005125
 153   0.00522 
 154   0.005305
 155   0.005425
 156   0.00555 
 157   0.0057  
 158   0.005825
 159   0.005885
 160   0.005955
 161   0.00601 
 162   0.00599 
 163   0.00587 
 164   0.005695
 165   0.005495
 166   0.00527 
 167   0.00509 
 168   0.00499 
 169   0.00494 
 170   0.0049  
 171   0.00489 
 172   0.004885
 173   0.004905
 174   0.004905
 175   0.0049  
 176   0.004885
 177   0.004865
 178   0.004855
 179   0.004845
 180   0.004845
 181   0.004825
 182   0.00482 
 183   0.004815
 184   0.00481 
 185   0.00482 
 186   0.004805
 187   0.004795
 188   0.004775
 189   0.004785
 190   0.00478 
 191   0.0048  
 192   0.004825
 193   0.004835
 194   0.004825
 195   0.004805
 196   0.0048  
 197   0.004795
 198   0.004795
 199   0.004795
 200   0.004785
 201   0.004795
 202   0.004785
 203   0.0048  
 204   0.0048  
 205   0.00481 
 206   0.00481 
 207   0.00482 
 208   0.00484 
 209   0.004865
 210   0.004885
 211   0.00491 
 212   0.004915
 213   0.00492 
 214   0.004915
 215   0.004905
 216   0.004925
 217   0.004925
 218   0.004915
 219   0.00491 
 220   0.004905
 221   0.00491 
 222   0.004925
 223   0.004945
 224   0.004955
 225   0.004945
 226   0.004955
 227   0.00496 
 228   0.00496 
 229   0.00496 
 230   0.004955
 231   0.00495 
 232   0.004935
 233   0.00492 
 234   0.00493 
 235   0.00494 
 236   0.004945
 237   0.004955
 238   0.004945
 239   0.00495 
 240   0.004955
 241   0.00495 
 242   0.004945
 243   0.00493 
 244   0.004925
 245   0.004915
 246   0.004925
 247   0.00491 
 248   0.004915
 249   0.004905
 250   0.004895
 251   0.004895
 252   0.0049  
 253   0.00489 
 254   0.00487 
 255   0.004855
 256   0.00483 
 257   0.004835
 258   0.004845
 259   0.004845
 260   0.00482 
 261   0.00479 
 262   0.004785
 263   0.00481 
 264   0.00484 
 265   0.004855
 266   0.004865
 267   0.00487 
 268   0.004865
 269   0.00485 
 270   0.00486 
 271   0.00487 
 272   0.00488 
 273   0.00488 
 274   0.00488 
 275   0.004905
 276   0.004905
 277   0.0049  
 278   0.004885
 279   0.00488 
 280   0.00486 
 281   0.004865
 282   0.004865
 283   0.00486 
 284   0.004865
 285   0.00486 
 286   0.004855
 287   0.004865
 288   0.004865
 289   0.004855
 290   0.00485 
 291   0.004845
 292   0.00484 
 293   0.004855
 294   0.00485 
 295   0.004855
 296   0.004845
 297   0.004845
 298   0.00483 
 299   0.004825
 300   0.00482 
 301   0.00483 
 302   0.004825
 303   0.004815
 304   0.004805
 305   0.004805
 306   0.00481 
 307   0.004815
 308   0.004815
 309   0.004825
 310   0.0048  
 311   0.00479 
 312   0.00479 
 313   0.00479 
 314   0.004785
 315   0.00477 
 316   0.00478 
 317   0.004795
 318   0.004815
 319   0.004825
 320   0.00482 
 321   0.0048  
 322   0.00477 
 323   0.00476 
 324   0.004775
 325   0.004805
 326   0.00483 
 327   0.00483 
 328   0.004825
 329   0.004785
 330   0.004785
 331   0.0048  
 332   0.004825
 333   0.00483 
 334   0.004835
 335   0.004845
 336   0.00484 
 337   0.00485 
 338   0.004855
 339   0.004835
 340   0.004835
 341   0.00485 
 342   0.004845
 343   0.00483 
 344   0.00482 
 345   0.00481 
 346   0.004805
 347   0.0048  
 348   0.004815
 349   0.00483 
 350   0.00484 
 351   0.004835
 352   0.00483 
 353   0.00483 
 354   0.00483 
 355   0.004825
 356   0.004815
 357   0.00481 
 358   0.00483 
 359   0.00485 
 360   0.004865
 361   0.00487 
 362   0.00484 
 363   0.004805
 364   0.00477 
 365   0.004755
 366   0.00476 
 367   0.004775
 368   0.004785
 369   0.004775
 370   0.004795
 371   0.00481 
 372   0.004825
 373   0.00482 
 374   0.004835
 375   0.00485 
 376   0.004855
 377   0.00486 
 378   0.00483 
 379   0.00483 
 380   0.004835
 381   0.004855
 382   0.004855
 383   0.00488 
 384   0.00489 
 385   0.00488 
 386   0.00485 
 387   0.00484 
 388   0.004835
 389   0.00485 
 390   0.004875
 391   0.004895
 392   0.004905
 393   0.004905
 394   0.004885
 395   0.004875
 396   0.004865
 397   0.00486 
 398   0.004845
 399   0.004825
 400   0.00482 
 401   0.00484 
 402   0.004855
 403   0.004885
 404   0.00491 
 405   0.004925
 406   0.00494 
 407   0.005   
 408   0.00508 
 409   0.00522 
 410   0.005355
 411   0.00547 
 412   0.005595
 413   0.00574 
 414   0.005855
 415   0.00597 
 416   0.006065
 417   0.0061  
 418   0.00601 
 419   0.00584 
 420   0.00562 
 421   0.00539 
 422   0.005165
 423   0.005   
 424   0.004875
 425   0.00479 
 426   0.00477 
 427   0.00482 
 428   0.004885
 429   0.004915
 430   0.004925
 431   0.00492 
 432   0.004925
 433   0.00492 
 434   0.00491 
 435   0.004905
 436   0.00489 
 437   0.004885
 438   0.00489 
 439   0.0049  
 440   0.004895
 441   0.00488 
 442   0.00487 
 443   0.004885
 444   0.00488 
 445   0.004875
 446   0.004875
 447   0.004865
 448   0.004865
 449   0.004865
 450   0.00487 
 451   0.00487 
 452   0.00487 
 453   0.00488 
 454   0.00488 
 455   0.004885
 456   0.0049  
 457   0.004895
 458   0.00489 
 459   0.0049  
 460   0.004915
 461   0.00493 
 462   0.00494 
 463   0.00494 
 464   0.004935
 465   0.004905
 466   0.00491 
 467   0.00494 
 468   0.004955
 469   0.00498 
 470   0.004995
 471   0.00499 
 472   0.005   
 473   0.005   
 474   0.00501 
 475   0.00501 
 476   0.005015
 477   0.00502 
 478   0.005025
 479   0.00503 
 480   0.005035
 481   0.005045
 482   0.005035
 483   0.005035
 484   0.00503 
 485   0.005055
 486   0.00507 
 487   0.005075
 488   0.005065
 489   0.00506 
 490   0.00506 
 491   0.005075
 492   0.005075
 493   0.005095
 494   0.005095
 495   0.00509 
 496   0.005095
 497   0.005095
 498   0.00511 
 499   0.005115
 500   0.00512 
 501   0.00511 
 502   0.005115
 503   0.005115
 504   0.00511 
 505   0.005105
 506   0.00509 
 507   0.00507 
 508   0.005045
 509   0.00506 
 510   0.00505 
 511   0.00505 
 512   0.00504 
 513   0.00503 
 514   0.00501 
 515   0.00503 
 516   0.005025
 517   0.005025
 518   0.00501 
 519   0.00498 
 520   0.004975
 521   0.00496 
 522   0.004975
 523   0.004965
 524   0.00497 
 525   0.00496 
 526   0.00496 
 527   0.00496 
 528   0.00497 
 529   0.00498 
 530   0.00497 
 531   0.004965
 532   0.00495 
 533   0.00497 
 534   0.00498 
 535   0.004995
 536   0.00499 
 537   0.00498 
 538   0.004965
 539   0.00498 
 540   0.004995
 541   0.00499 
 542   0.004985
 543   0.004975
 544   0.004965
 545   0.004975
 546   0.00499 
 547   0.004995
 548   0.004985
 549   0.004985
 550   0.004985
 551   0.004995
 552   0.00501 
 553   0.00501 
 554   0.005025
 555   0.005005
 556   0.005005
 557   0.00501 
 558   0.005025
 559   0.005015
 560   0.005005
 561   0.00499 
 562   0.004985
 563   0.004995
 564   0.00499 
 565   0.004995
 566   0.00498 
 567   0.00497 
 568   0.00497 
 569   0.004975
 570   0.004985
 571   0.004985
 572   0.004965
 573   0.00496 
 574   0.004945
 575   0.004965
 576   0.00497 
 577   0.004965
 578   0.00496 
 579   0.004945
 580   0.004945
 581   0.00496 
 582   0.00496 
 583   0.00496 
 584   0.00496 
 585   0.00496 
 586   0.00495 
 587   0.004965
 588   0.004975
 589   0.004965
 590   0.004945
 591   0.00495 
 592   0.00495 
 593   0.004965
 594   0.00498 
 595   0.004975
 596   0.00496 
 597   0.00494 
 598   0.00494 
 599   0.004945
 600   0.004965
 601   0.004965
 602   0.004965
 603   0.004965
 604   0.004955
 605   0.00496 
 606   0.004975
 607   0.004975
 608   0.004965
 609   0.00497 
 610   0.004965
 611   0.00498 
 612   0.004985
 613   0.004985
 614   0.00497 
 615   0.00496 
 616   0.004945
 617   0.004955
 618   0.004975
 619   0.00498 
 620   0.004965
 621   0.004945
 622   0.00493 
 623   0.004945
 624   0.004955
 625   0.00496 
 626   0.00494 
 627   0.004925
 628   0.00492 
 629   0.004935
 630   0.004945
 631   0.00494 
 632   0.004935
 633   0.00493 
 634   0.00493 
 635   0.00494 
 636   0.00494 
 637   0.00495 
 638   0.004955
 639   0.00494 
 640   0.00493 
 641   0.00495 
 642   0.00496 
 643   0.004955
 644   0.004945
 645   0.004945
 646   0.004945
 647   0.00495 
 648   0.00495 
 649   0.00495 
 650   0.004945
 651   0.00494 
 652   0.00493 
 653   0.00495 
 654   0.00496 
 655   0.004965
 656   0.00496 
 657   0.00495 
 658   0.004955
 659   0.00497 
 660   0.004985
 661   0.004975
 662   0.00495 
 663   0.004935
 664   0.004935
 665   0.004955
 666   0.00495 
 667   0.00496 
 668   0.00495 
 669   0.00494 
 670   0.004925
 671   0.00494 
 672   0.00498 
 673   0.004995
 674   0.005015
 675   0.005025
 676   0.005045
 677   0.005085
 678   0.005145
 679   0.005235
 680   0.00534 
 681   0.005445
 682   0.00556 
 683   0.005705
 684   0.00583 
 685   0.00594 
 686   0.006035
 687   0.006125
 688   0.006175
 689   0.00616 
 690   0.006055
 691   0.00588 
 692   0.005675
 693   0.00545 
 694   0.005255
 695   0.00512 
 696   0.005025
 697   0.004965
 698   0.004925
 699   0.00493 
 700   0.004965
 701   0.005005
 702   0.005015
 703   0.005015
 704   0.00499 
 705   0.004975
 706   0.004955
 707   0.004955
 708   0.00496 
 709   0.00496 
 710   0.00495 
 711   0.00493 
 712   0.00493 
 713   0.00494 
 714   0.00495 
 715   0.004945
 716   0.004935
 717   0.00494 
 718   0.00493 
 719   0.004935
 720   0.004945
 721   0.004945
 722   0.00495 
 723   0.004945
 724   0.004935
 725   0.00494 
 726   0.004965
 727   0.00497 
 728   0.00496 
 729   0.004955
 730   0.00495 
 731   0.00496 
 732   0.004975
 733   0.004965
 734   0.00496 
 735   0.00495 
 736   0.004955
 737   0.00496 
 738   0.00497 
 739   0.004975
 740   0.004975
 741   0.00497 
 742   0.004965
 743   0.004975
 744   0.00498 
 745   0.004985
 746   0.004975
 747   0.004975
 748   0.00497 
 749   0.004985
 750   0.005   
 751   0.004995
 752   0.004995
 753   0.004985
 754   0.00498 
 755   0.004995
 756   0.005005
 757   0.00499 
 758   0.004995
 759   0.004985
 760   0.00499 
 761   0.004995
 762   0.005015
 763   0.00502 
 764   0.00502 
 765   0.00503 
 766   0.00504 
 767   0.005065
 768   0.00508 
 769   0.00509 
 770   0.00508 
 771   0.005075
 772   0.00508 
 773   0.005095
 774   0.0051  
 775   0.00511 
 776   0.005105
 777   0.005095
 778   0.005085
 779   0.005095
 780   0.00509 
 781   0.00508 
 782   0.005065
 783   0.005045
 784   0.005035
 785   0.005035
 786   0.005045
 787   0.00503 
 788   0.00502 
 789   0.00499 
 790   0.004985
 791   0.00498 
 792   0.00498 
 793   0.004975
 794   0.00497 
 795   0.004955
 796   0.00495 
 797   0.004955
 798   0.004965
 799   0.00495 
 800   0.00495 
 801   0.004945
 802   0.004945
 803   0.00495 
 804   0.004965
 805   0.00496 
 806   0.004955
 807   0.004945
 808   0.00495 
 809   0.00496 
 810   0.00496 
 811   0.00495 
 812   0.00495 
 813   0.00493 
 814   0.004935
 815   0.00493 
 816   0.004935
 817   0.00493 
 818   0.004935
 819   0.004925
 820   0.00492 
 821   0.004925
 822   0.004925
 823   0.004935
 824   0.00494 
 825   0.00494 
 826   0.004955
 827   0.00495 
 828   0.00496 
 829   0.004955
 830   0.00496 
 831   0.00496 
 832   0.00496 
 833   0.00497 
 834   0.00498 
 835   0.004975
 836   0.004975
 837   0.00496 
 838   0.004945
 839   0.004955
 840   0.00496 
 841   0.004955
 842   0.004945
 843   0.00495 
 844   0.004935
 845   0.004945
 846   0.00495 
 847   0.004945
 848   0.00494 
 849   0.004925
 850   0.004925
 851   0.004935
 852   0.00494 
 853   0.004955
 854   0.00494 
 855   0.00493 
 856   0.004925
 857   0.004925
 858   0.004935
 859   0.00494 
 860   0.00493 
 861   0.004925
 862   0.00491 
 863   0.004925
 864   0.00493 
 865   0.00493 
 866   0.004915
 867   0.00493 
 868   0.00491 
 869   0.00493 
 870   0.00493 
 871   0.004925
 872   0.004915
 873   0.004915
 874   0.004905
 875   0.00491 
 876   0.004925
 877   0.004925
 878   0.004915
 879   0.004915
 880   0.004905
 881   0.0049  
 882   0.00491 
 883   0.0049  
 884   0.0049  
 885   0.00489 
 886   0.0049  
 887   0.00492 
 888   0.004935
 889   0.004955
 890   0.00497 
 891   0.00498 
 892   0.005   
 893   0.00502 
 894   0.005035
 895   0.00506 
 896   0.00512 
 897   0.005195
 898   0.005285
 899   0.00539 
 900   0.005485
 901   0.005595
 902   0.00572 
 903   0.00581 
 904   0.00589 
 905   0.00597 
 906   0.00603 
 907   0.00603 
 908   0.005955
 909   0.005845
 910   0.00571 
 911   0.00555 
 912   0.00537 
 913   0.00522 
 914   0.00512 
 915   0.005055
 916   0.005015
 917   0.005   
 918   0.005005
 919   0.005015
 920   0.00501 
 921   0.004985
 922   0.004965
 923   0.004955
 924   0.00495 
 925   0.004955
 926   0.00494 
 927   0.004925
 928   0.00492 
 929   0.00492 
 930   0.00492 
 931   0.00491 
 932   0.004905
 933   0.00491 
 934   0.004905
 935   0.004905
 936   0.00491 
 937   0.004895
 938   0.004895
 939   0.00488 
 940   0.00488 
 941   0.004875
 942   0.00488 
 943   0.00488 
 944   0.00487 
 945   0.00486 
 946   0.00486 
 947   0.00487 
 948   0.004865
 949   0.004865
 950   0.004855
 951   0.004845
 952   0.00483 
 953   0.004835
 954   0.004835
 955   0.004825
 956   0.00481 
 957   0.004805
 958   0.00482 
 959   0.004855
 960   0.00487 
 961   0.004885
 962   0.004885
 963   0.004885
 964   0.004895
 965   0.004915
 966   0.00494 
 967   0.00495 
 968   0.00495 
 969   0.004945
 970   0.00494 
 971   0.004955
 972   0.004975
 973   0.00497 
 974   0.004975
 975   0.004985
 976   0.00498 
 977   0.00498 
 978   0.004985
 979   0.004995
 980   0.004995
 981   0.005   
 982   0.005005
 983   0.005005
 984   0.005015
 985   0.00502 
 986   0.005015
 987   0.005015
 988   0.00501 
 989   0.00502 
 990   0.005025
 991   0.005035
 992   0.00502 
 993   0.00502 
 994   0.005015
 995   0.005025
 996   0.00503 
 997   0.005025
 998   0.005015
 999   0.005005
1000   0.004995
1001   0.005   
1002   0.005   
1003   0.00498 
1004   0.00497 
1005   0.004945
1006   0.004935
1007   0.004935
1008   0.00493 
1009   0.00491 
1010   0.0049  
1011   0.00489 
1012   0.00489 
1013   0.00488 
1014   0.004865
1015   0.00486 
1016   0.004835
1017   0.00482 
1018   0.00483 
1019   0.00484 
1020   0.00484 
1021   0.004855
1022   0.004835
1023   0.00486 
1024   0.004895
1025   0.00492 
1026   0.00494 
1027   0.004955
1028   0.00496 
1029   0.00495 
1030   0.00496 
1031   0.004965
1032   0.004965
1033   0.004965
1034   0.00496 
1035   0.00496 
1036   0.00497 
1037   0.00497 
1038   0.004965
1039   0.004955
1040   0.004945
1041   0.00494 
1042   0.00496 
1043   0.00496 
1044   0.00497 
1045   0.004955
1046   0.004955
1047   0.004955
1048   0.00495 
1049   0.004955
1050   0.00495 
1051   0.00494 
1052   0.00494 
1053   0.00494 
1054   0.00495 
1055   0.00495 
1056   0.004935
1057   0.00492 
1058   0.0049  
1059   0.0049  
1060   0.0049  
1061   0.00491 
1062   0.004905
1063   0.004895
1064   0.00488 
1065   0.004875
1066   0.004885
1067   0.00489 
1068   0.004875
1069   0.004855
1070   0.00484 
1071   0.004835
1072   0.004835
1073   0.00484 
1074   0.004825
1075   0.004815
1076   0.004815
1077   0.00481 
1078   0.004825
1079   0.004835
1080   0.004845
1081   0.004855
1082   0.004855
1083   0.00487 
1084   0.004895
1085   0.004925
1086   0.00493 
1087   0.004925
1088   0.00492 
1089   0.00491 
1090   0.00491 
1091   0.00492 
1092   0.00492 
1093   0.004915
1094   0.004905
1095   0.004905
1096   0.004925
1097   0.00492 
1098   0.00494 
1099   0.00493 
1100   0.00493 
1101   0.004925
1102   0.004925
1103   0.004925
1104   0.004915
1105   0.00492 
1106   0.00491 
1107   0.004905
1108   0.00491 
1109   0.004915
1110   0.004915
1111   0.00491 
1112   0.004895
1113   0.0049  
1114   0.004905
1115   0.004915
1116   0.004905
1117   0.00489 
1118   0.00489 
1119   0.00489 
1120   0.00489 
1121   0.00489 
1122   0.004885
1123   0.00487 
1124   0.004855
1125   0.00486 
1126   0.004865
1127   0.00487 
1128   0.004865
1129   0.004855
1130   0.004845
1131   0.004835
1132   0.004845
1133   0.00485 
1134   0.00486 
1135   0.004845
1136   0.00484 
1137   0.004845
1138   0.004855
1139   0.00487 
1140   0.00488 
1141   0.00489 
1142   0.0049  
1143   0.00491 
1144   0.00493 
1145   0.00494 
1146   0.004945
1147   0.00493 
1148   0.00494 
1149   0.004945
1150   0.004945
1151   0.00495 
1152   0.004945
1153   0.00494 
1154   0.004935
1155   0.00493 
1156   0.00494 
1157   0.004945
1158   0.004945
1159   0.004945
1160   0.00492 
1161   0.00493 
1162   0.004945
1163   0.00495 
1164   0.004945
1165   0.004935
1166   0.00494 
1167   0.004935
1168   0.004955
1169   0.00496 
1170   0.00495 
1171   0.004945
1172   0.00494 
1173   0.00494 
1174   0.004965
1175   0.004985
1176   0.004995
1177   0.00502 
1178   0.005025
1179   0.00504 
1180   0.005085
1181   0.005155
1182   0.005255
1183   0.00536 
1184   0.00546 
1185   0.005585
1186   0.00573 
1187   0.005855
1188   0.005965
1189   0.00606 
1190   0.00613 
1191   0.006145
1192   0.00606 
1193   0.005895
1194   0.00567 
1195   0.00543 
1196   0.00522 
1197   0.00508 
1198   0.004985
1199   0.00491 
1200   0.00484 
1201   0.004805
1202   0.004815
1203   0.00485 
1204   0.004885
1205   0.00489 
1206   0.00489 
1207   0.004885
1208   0.004875
1209   0.004875
1210   0.004875
1211   0.00488 
1212   0.00487 
1213   0.00487 
1214   0.00487 
1215   0.004875
1216   0.004885
1217   0.004895
1218   0.0049  
1219   0.00489 
1220   0.00488 
1221   0.00487 
1222   0.004875
1223   0.004885
1224   0.004885
1225   0.00487 
1226   0.00487 
1227   0.00487 
1228   0.004885
1229   0.00488 
1230   0.004885
1231   0.00489 
1232   0.004875
1233   0.00487 
1234   0.004885
1235   0.004885
1236   0.004885
1237   0.00489 
1238   0.004885
1239   0.004885
1240   0.0049  
1241   0.004905
1242   0.004905
1243   0.004895
1244   0.00489 
1245   0.004895
1246   0.004905
1247   0.00491 
1248   0.004915
1249   0.00491 
1250   0.004905
1251   0.00491 
1252   0.004925
1253   0.004945
1254   0.00495 
1255   0.004945
1256   0.00495 
1257   0.004935
1258   0.004965
1259   0.004965
1260   0.004965
1261   0.004965
1262   0.00497 
1263   0.00498 
1264   0.004985
1265   0.004985
1266   0.00499 
1267   0.00498 
1268   0.004985
1269   0.004985
1270   0.00499 
1271   0.00499 
1272   0.00499 
1273   0.004985
1274   0.00499 
1275   0.005005
1276   0.00503 
1277   0.00505 
1278   0.005055
1279   0.005055
1280   0.00504 
1281   0.005035
1282   0.005055
1283   0.005055
1284   0.005055
1285   0.00504 
1286   0.00504 
1287   0.00504 
1288   0.005035
1289   0.005045
1290   0.005035
1291   0.005015
1292   0.005   
1293   0.00499 
1294   0.005   
1295   0.004995
1296   0.004985
1297   0.00498 
1298   0.004965
1299   0.004955
1300   0.00495 
1301   0.00495 
1302   0.004955
1303   0.004945
1304   0.00493 
1305   0.004915
1306   0.004915
1307   0.00493 
1308   0.004915
1309   0.004915
1310   0.00491 
1311   0.00491 
1312   0.004925
1313   0.004925
1314   0.004925
1315   0.00492 
1316   0.0049  
1317   0.004885
1318   0.004905
1319   0.00493 
1320   0.00494 
1321   0.00494 
1322   0.004925
1323   0.00492 
1324   0.00493 
1325   0.00495 
1326   0.00496 
1327   0.004955
1328   0.00494 
1329   0.004945
1330   0.00496 
1331   0.00496 
1332   0.004955
1333   0.004945
1334   0.004925
1335   0.00492 
1336   0.00492 
1337   0.004925
1338   0.00492 
1339   0.004915
1340   0.004895
1341   0.00489 
1342   0.0049  
1343   0.00493 
1344   0.00494 
1345   0.004935
1346   0.00493 
1347   0.00492 
1348   0.00493 
1349   0.00494 
1350   0.00494 
1351   0.004935
1352   0.004915
1353   0.00491 
1354   0.004915
1355   0.00491 
1356   0.004905
1357   0.0049  
1358   0.00488 
1359   0.004875
1360   0.00488 
1361   0.0049  
1362   0.0049  
1363   0.004905
1364   0.004895
1365   0.00489 
1366   0.004895
1367   0.004895
1368   0.0049  
1369   0.004895
1370   0.00488 
1371   0.004875
1372   0.004895
1373   0.0049  
1374   0.004905
1375   0.00491 
1376   0.004905
1377   0.004885
1378   0.004905
1379   0.004905
1380   0.00491 
1381   0.004905
1382   0.004905
1383   0.0049  
1384   0.004905
1385   0.004915
1386   0.00493 
1387   0.004925
1388   0.00493 
1389   0.004915
1390   0.004935
1391   0.00494 
1392   0.004935
1393   0.00493 
1394   0.004925
1395   0.004915
1396   0.004905
1397   0.004915
1398   0.00491 
1399   0.00491 
1400   0.004895
1401   0.004905
1402   0.004915
1403   0.004915
1404   0.004915
1405   0.0049  
1406   0.00488 
1407   0.00488 
1408   0.004905
1409   0.00492 
1410   0.00494 
1411   0.00497 
1412   0.00499 
1413   0.00504 
1414   0.005115
1415   0.005235
1416   0.00535 
1417   0.005435
1418   0.005525
1419   0.005635
1420   0.00577 
1421   0.00586 
1422   0.00593 
1423   0.00601 
1424   0.006045
1425   0.006005
1426   0.005885
1427   0.00576 
1428   0.00558 
1429   0.005375
1430   0.005205
1431   0.005095
1432   0.005035
1433   0.004985
1434   0.004965
1435   0.004975
1436   0.00498 
1437   0.00499 
1438   0.005   
1439   0.00499 
1440   0.004965
1441   0.00495 
1442   0.004935
1443   0.00492 
1444   0.004905
1445   0.00492 
1446   0.004915
1447   0.004915
1448   0.0049  
1449   0.004895
1450   0.004895
1451   0.004915
1452   0.004905
1453   0.004905
1454   0.004895
1455   0.004895
1456   0.004895
1457   0.004905
1458   0.004905
1459   0.004895
1460   0.004885
1461   0.00487 
1462   0.00488 
1463   0.004885
1464   0.00489 
1465   0.004885
1466   0.004885
1467   0.00487 
1468   0.00487 
1469   0.004865
1470   0.00487 
1471   0.004865
1472   0.004855
1473   0.00485 
1474   0.004855
1475   0.004875
1476   0.004875
1477   0.00488 
1478   0.00488 
1479   0.00488 
1480   0.004885
1481   0.004895
1482   0.00491 
1483   0.0049  
1484   0.004895
1485   0.0049  
1486   0.00492 
1487   0.004935
1488   0.004955
1489   0.004955
1490   0.00495 
1491   0.00497 
1492   0.004975
1493   0.004985
1494   0.004985
1495   0.004995
1496   0.004985
1497   0.004985
1498   0.00498 
1499   0.004995
1500   0.005   
1501   0.00499 
1502   0.00498 
1503   0.00497 
1504   0.00498 
1505   0.005005
1506   0.005015
1507   0.005005
1508   0.005005
1509   0.004995
1510   0.005005
1511   0.00501 
1512   0.004995
1513   0.00498 
1514   0.00497 
1515   0.004965
1516   0.00496 
1517   0.00495 
1518   0.00495 
1519   0.004935
1520   0.00492 
1521   0.0049  
1522   0.004895
1523   0.004895
1524   0.004885
1525   0.00488 
1526   0.004865
1527   0.004855
1528   0.004845
1529   0.00485 
1530   0.00485 
1531   0.004845
1532   0.004835
1533   0.00483 
1534   0.00483 
1535   0.00484 
1536   0.004825
1537   0.004825
1538   0.004815
1539   0.004815
1540   0.00481 
1541   0.00483 
1542   0.004845
1543   0.00486 
1544   0.004855
1545   0.00487 
1546   0.004895
1547   0.004905
1548   0.00492 
1549   0.00493 
1550   0.00492 
1551   0.00493 
1552   0.00495 
1553   0.004965
1554   0.00497 
1555   0.004965
1556   0.00495 
1557   0.004955
1558   0.004965
1559   0.00497 
1560   0.004965
1561   0.00496 
1562   0.004945
1563   0.00495 
1564   0.004955
1565   0.00495 
1566   0.004945
1567   0.004955
1568   0.004955
1569   0.00494 
1570   0.004935
1571   0.00495 
1572   0.004935
1573   0.00493 
1574   0.00492 
1575   0.004915
1576   0.004915
1577   0.004905
1578   0.00491 
1579   0.004905
1580   0.0049  
1581   0.00489 
1582   0.004895
1583   0.0049  
1584   0.0049  
1585   0.004895
1586   0.004885
1587   0.00487 
1588   0.004875
1589   0.00488 
1590   0.00487 
1591   0.00486 
1592   0.004845
1593   0.00483 
1594   0.00483 
1595   0.004835
1596   0.00483 
1597   0.00482 
1598   0.004815
1599   0.004805
1600   0.00481 
1601   0.00481 
1602   0.00482 
1603   0.0048  
1604   0.004805
1605   0.0048  
1606   0.00481 
1607   0.004835
1608   0.004865
1609   0.00491 
1610   0.004945
1611   0.004985
1612   0.005045
1613   0.00513 
1614   0.00521 
1615   0.00528 
1616   0.00535 
1617   0.005435
1618   0.00554 
1619   0.005645
1620   0.00572 
1621   0.00578 
1622   0.005835
1623   0.005845
1624   0.00582 
1625   0.00574 
1626   0.00562 
1627   0.005445
1628   0.005255
1629   0.0051  
1630   0.005025
1631   0.004985
1632   0.004945
1633   0.00491 
1634   0.0049  
1635   0.004905
1636   0.004915
1637   0.004905
1638   0.004895
1639   0.00487 
1640   0.004855
1641   0.004845
1642   0.004845
1643   0.00484 
1644   0.00485 
1645   0.004835
1646   0.004825
1647   0.00482 
1648   0.00482 
1649   0.004825
1650   0.00482 
1651   0.0048  
1652   0.0048  
1653   0.004805
1654   0.00482 
1655   0.00482 
1656   0.00481 
1657   0.00481 
1658   0.00479 
1659   0.0048  
1660   0.004805
1661   0.004805
1662   0.004805
1663   0.0048  
1664   0.004795
1665   0.004805
1666   0.0048  
1667   0.00482 
1668   0.00483 
1669   0.00482 
1670   0.00481 
1671   0.004805
1672   0.00482 
1673   0.00483 
1674   0.00482 
1675   0.004825
1676   0.00483 
1677   0.00484 
1678   0.004865
1679   0.00489 
1680   0.004895
1681   0.004885
1682   0.004875
1683   0.004885
1684   0.0049  
1685   0.004905
1686   0.004905
1687   0.004895
1688   0.004895
1689   0.00491 
1690   0.00492 
1691   0.004925
1692   0.00493 
1693   0.004925
1694   0.00493 
1695   0.004925
1696   0.00493 
1697   0.00495 
1698   0.004945
1699   0.004955
1700   0.00496 
1701   0.00497 
1702   0.00499 
1703   0.00499 
1704   0.004985
1705   0.00499 
1706   0.004985
1707   0.00498 
1708   0.004995
1709   0.005005
1710   0.005   
1711   0.004985
1712   0.00497 
1713   0.00496 
1714   0.00496 
1715   0.004955
1716   0.004945
1717   0.00492 
1718   0.00491 
1719   0.004895
1720   0.004905
1721   0.00491 
1722   0.004905
1723   0.004875
1724   0.00486 
1725   0.00486 
1726   0.004845
1727   0.004855
1728   0.004845
1729   0.004835
1730   0.004825
1731   0.00482 
1732   0.004825
1733   0.004835
1734   0.00483 
1735   0.00483 
1736   0.004825
1737   0.004835
1738   0.00484 
1739   0.00486 
1740   0.00485 
1741   0.00485 
1742   0.004835
1743   0.004835
1744   0.004845
1745   0.00485 
1746   0.004845
1747   0.004835
1748   0.00482 
1749   0.00482 
1750   0.00483 
1751   0.004845
1752   0.004835
1753   0.00483 
1754   0.004825
1755   0.004835
1756   0.00485 
1757   0.004855
1758   0.004845
1759   0.004845
1760   0.00484 
1761   0.004845
1762   0.004845
1763   0.00486 
1764   0.00486 
1765   0.004845
1766   0.00483 
1767   0.004845
1768   0.00486 
1769   0.004865
1770   0.004865
1771   0.004855
1772   0.00485 
1773   0.00486 
1774   0.00485 
1775   0.004855
1776   0.00486 
1777   0.00484 
1778   0.004825
1779   0.004845
1780   0.004855
1781   0.004865
1782   0.00486 
1783   0.00484 
1784   0.00482 
1785   0.004825
1786   0.00483 
1787   0.00484 
1788   0.00483 
1789   0.004825
1790   0.004815
1791   0.004825
1792   0.004825
1793   0.004845
1794   0.004835
1795   0.00483 
1796   0.004825
1797   0.004825
1798   0.00484 
1799   0.00484 
1800   0.00484 
1801   0.00484 
1802   0.00484 
1803   0.004835
1804   0.004855
1805   0.004865
1806   0.004855
1807   0.004845
1808   0.00483 
1809   0.004815
1810   0.004835
1811   0.00484 
1812   0.00484 
1813   0.004835
1814   0.00483 
1815   0.004815
1816   0.00483 
1817   0.004845
1818   0.004845
1819   0.00484 
1820   0.004835
1821   0.00483 
1822   0.00483 
1823   0.00485 
1824   0.00484 
1825   0.004845
1826   0.004835
1827   0.00483 
1828   0.004845
1829   0.004855
1830   0.004845
1831   0.004855
1832   0.00485 
1833   0.00485 
1834   0.004855
1835   0.00486 
1836   0.00485 
1837   0.00485 
1838   0.004835
1839   0.004825
1840   0.00483 
1841   0.00483 
1842   0.00483 
1843   0.00482 
1844   0.004815
1845   0.00481 
1846   0.00481 
1847   0.00481 
1848   0.00481 
1849   0.004815
1850   0.004805
1851   0.004805
1852   0.004805
1853   0.00481 
1854   0.00481 
1855   0.0048  
1856   0.0048  
1857   0.004795
1858   0.0048  
1859   0.004805
1860   0.004795
1861   0.0048  
1862   0.004785
1863   0.0048  
1864   0.00482 
1865   0.00483 
1866   0.00484 
1867   0.004865
1868   0.00485 
1869   0.004855
1870   0.004855
1871   0.004865
1872   0.00485 
1873   0.00485 
1874   0.004835
1875   0.00484 
1876   0.004845
1877   0.00485 
1878   0.00484 
1879   0.004835
1880   0.00483 
1881   0.00482 
1882   0.00482 
1883   0.00482 
1884   0.004825
1885   0.004825
1886   0.00482 
1887   0.004805
1888   0.004815
1889   0.00482 
1890   0.004835
1891   0.00483 
1892   0.004825
1893   0.00481 
1894   0.00482 
1895   0.00483 
1896   0.00483 
1897   0.004825
1898   0.00482 
1899   0.00482 
1900   0.00482 
1901   0.00482 
1902   0.00481 
1903   0.004815
1904   0.004805
1905   0.004805
1906   0.004805
1907   0.00481 
1908   0.00482 
1909   0.004815
1910   0.00481 
1911   0.00481 
1912   0.004825
1913   0.004825
1914   0.004825
1915   0.004825
1916   0.00482 
1917   0.00483 
1918   0.004835
1919   0.00485 
1920   0.004845
1921   0.00485 
1922   0.00484 
1923   0.004845
1924   0.00485 
1925   0.004845
1926   0.004835
1927   0.004845
1928   0.004845
1929   0.00485 
1930   0.00485 
1931   0.004855
1932   0.00485 
1933   0.004855
1934   0.00486 
1935   0.004865
1936   0.00489 
1937   0.0049  
1938   0.004895
1939   0.00488 
1940   0.004875
1941   0.00488 
1942   0.004875
1943   0.004885
1944   0.00489 
1945   0.004895
1946   0.0049  
1947   0.004895
1948   0.004915
1949   0.00492 
1950   0.00492 
1951   0.00493 
1952   0.00494 
1953   0.00498 
1954   0.004995
1955   0.00501 
1956   0.00504 
1957   0.005075
1958   0.00515 
1959   0.005245
1960   0.005365
1961   0.00547 
1962   0.005585
1963   0.005685
1964   0.00578 
1965   0.00586 
1966   0.00594 
1967   0.006005
1968   0.005995
1969   0.00587 
1970   0.0057  
1971   0.00549 
1972   0.005285
1973   0.005115
1974   0.004995
1975   0.004915
1976   0.00485 
1977   0.00483 
1978   0.004835
1979   0.004875
1980   0.0049  
1981   0.0049  
1982   0.00489 
1983   0.004875
1984   0.004875
1985   0.00486 
1986   0.00486 
1987   0.00483 
1988   0.004835
1989   0.004815
1990   0.00482 
1991   0.00482 
1992   0.004805
1993   0.004785
1994   0.004785
1995   0.00477 
1996   0.00476 
1997   0.004765
1998   0.00475 
1999   0.00475 
2000   0.00476 
2001   0.004785
2002   0.00482 
2003   0.004835
2004   0.00484 
2005   0.004845
2006   0.004835
2007   0.004825
2008   0.00483 
2009   0.004835
2010   0.004845
2011   0.004835
2012   0.004835
2013   0.00484 
2014   0.004835
2015   0.004845
2016   0.00484 
2017   0.00485 
2018   0.004855
2019   0.004865
2020   0.00487 
2021   0.00488 
2022   0.004885
2023   0.004875
2024   0.00487 
2025   0.004875
2026   0.00489 
2027   0.004915
2028   0.004915
2029   0.00492 
2030   0.00491 
2031   0.004915
2032   0.004915
2033   0.00492 
2034   0.004915
2035   0.00491 
2036   0.004915
2037   0.004905
2038   0.004915
2039   0.00494 
2040   0.004945
2041   0.00494 
2042   0.00494 
2043   0.004945
2044   0.00495 
2045   0.004955
2046   0.004945
2047   0.00494 
2048   0.00493 
2049   0.00494 
2050   0.00496 
2051   0.004965
2052   0.004965
2053   0.00497 
2054   0.00497 
2055   0.00498 
2056   0.004985
2057   0.00499 
2058   0.004995
2059   0.00498 
2060   0.00497 
2061   0.004965
2062   0.00497 
2063   0.004965
2064   0.004965
2065   0.004955
2066   0.00495 
2067   0.004955
2068   0.00498 
2069   0.00498 
2070   0.00498 
2071   0.00497 
2072   0.00495 
2073   0.00496 
2074   0.004945
2075   0.00495 
2076   0.004945
2077   0.00493 
2078   0.004915
2079   0.0049  
2080   0.00491 
2081   0.00492 
2082   0.00492 
2083   0.00491 
2084   0.004905
2085   0.0049  
2086   0.00491 
2087   0.004915
2088   0.00492 
2089   0.004905
2090   0.00491 
2091   0.00491 
2092   0.00492 
2093   0.00492 
2094   0.004915
2095   0.004905
2096   0.0049  
2097   0.004895
2098   0.004895
2099   0.004905
2100   0.004895
2101   0.00489 
2102   0.004875
2103   0.004885
2104   0.004895
2105   0.004895
2106   0.00489 
2107   0.00489 
2108   0.00489 
2109   0.0049  
2110   0.004905
2111   0.004915
2112   0.00491 
2113   0.0049  
2114   0.00489 
2115   0.004875
2116   0.004885
2117   0.00488 
2118   0.004865
2119   0.004855
2120   0.00484 
2121   0.004835
2122   0.00484 
2123   0.004845
2124   0.00484 
2125   0.004845
2126   0.004845
2127   0.004855
2128   0.004865
2129   0.00487 
2130   0.004865
2131   0.00486 
2132   0.004855
2133   0.00486 
2134   0.004875
2135   0.00487 
2136   0.00488 
2137   0.004875
2138   0.004865
2139   0.004855
2140   0.00488 
2141   0.00488 
2142   0.00488 
2143   0.004885
2144   0.00488 
2145   0.00488 
2146   0.004875
2147   0.00488 
2148   0.004875
2149   0.004865
2150   0.00486 
2151   0.00486 
2152   0.004865
2153   0.004875
2154   0.004875
2155   0.00488 
2156   0.004865
2157   0.004855
2158   0.00486 
2159   0.004855
2160   0.004865
2161   0.00486 
2162   0.00486 
2163   0.00485 
2164   0.00486 
2165   0.00486 
2166   0.004855
2167   0.004845
2168   0.004825
2169   0.00482 
2170   0.004825
2171   0.004835
2172   0.00483 
2173   0.004825
2174   0.004795
2175   0.00479 
2176   0.004795
2177   0.0048  
2178   0.0048  
2179   0.00481 
2180   0.00479 
2181   0.004785
2182   0.004815
2183   0.004835
2184   0.00485 
2185   0.004845
2186   0.00483 
2187   0.004835
2188   0.004845
2189   0.004855
2190   0.00486 
2191   0.004855
2192   0.004845
2193   0.00485 
2194   0.00486 
2195   0.00487 
2196   0.004875
2197   0.004875
2198   0.004865
2199   0.00488 
2200   0.004885
2201   0.00489 
2202   0.004885
2203   0.00488 
2204   0.004875
2205   0.004875
2206   0.004885
2207   0.004895
2208   0.004885
2209   0.00488 
2210   0.004875
2211   0.00487 
2212   0.004885
2213   0.004895
2214   0.00489 
2215   0.004885
2216   0.004885
2217   0.004885
2218   0.00488 
2219   0.00488 
2220   0.004885
2221   0.00489 
2222   0.004885
2223   0.0049  
2224   0.004905
2225   0.00493 
2226   0.004955
2227   0.00497 
2228   0.00499 
2229   0.005035
2230   0.00514 
2231   0.005265
2232   0.005375
2233   0.005485
2234   0.005595
2235   0.005715
2236   0.005825
2237   0.00593 
2238   0.005985
2239   0.00598 
2240   0.005875
2241   0.005695
2242   0.00548 
2243   0.005275
2244   0.005095
2245   0.004955
2246   0.00485 
2247   0.00481 
2248   0.00482 
2249   0.00486 
2250   0.004915
2251   0.00493 
2252   0.004925
2253   0.004905
2254   0.0049  
2255   0.004905
2256   0.004895
2257   0.004885
2258   0.004875
2259   0.004865
2260   0.00488 
2261   0.00489 
2262   0.00488 
2263   0.004865
2264   0.00486 
2265   0.004845
2266   0.004855
2267   0.004865
2268   0.00487 
2269   0.004855
2270   0.004845
2271   0.00484 
2272   0.00485 
2273   0.004855
2274   0.004845
2275   0.004835
2276   0.00482 
2277   0.004825
2278   0.00484 
2279   0.004845
2280   0.004845
2281   0.004845
2282   0.00483 
2283   0.00484 
2284   0.004845
2285   0.004855
2286   0.00485 
2287   0.004845
2288   0.004835
2289   0.00484 
2290   0.00485 
2291   0.00486 
2292   0.00486 
2293   0.00486 
2294   0.00485 
2295   0.004855
2296   0.00487 
2297   0.004885
2298   0.00488 
2299   0.004885
2300   0.00488 
2301   0.0049  
2302   0.00491 
2303   0.004925
2304   0.00493 
2305   0.004935
2306   0.004935
2307   0.004945
2308   0.004955
2309   0.004975
2310   0.00497 
2311   0.004975
2312   0.00497 
2313   0.00498 
2314   0.00499 
2315   0.004985
2316   0.00499 
2317   0.004985
2318   0.00498 
2319   0.00499 
2320   0.005   
2321   0.00501 
2322   0.005   
2323   0.00499 
2324   0.004985
2325   0.00498 
2326   0.00498 
2327   0.00499 
2328   0.00498 
2329   0.004965
2330   0.004955
2331   0.004945
2332   0.00494 
2333   0.00494 
2334   0.00493 
2335   0.00492 
2336   0.004905
2337   0.004895
2338   0.004895
2339   0.004895
2340   0.00489 
2341   0.004875
2342   0.00486 
2343   0.00486 
2344   0.00487 
2345   0.00487 
2346   0.004855
2347   0.004845
2348   0.004835
2349   0.00484 
2350   0.004855
2351   0.00485 
2352   0.00485 
2353   0.00483 
2354   0.004825
2355   0.00482 
2356   0.004825
2357   0.00482 
2358   0.004825
2359   0.004815
2360   0.00482 
2361   0.00482 
2362   0.004825
2363   0.004845
2364   0.00484 
2365   0.00484 
2366   0.00484 
2367   0.00484 
2368   0.004845
2369   0.004855
2370   0.004845
2371   0.00485 
2372   0.004835
2373   0.004835
2374   0.00484 
2375   0.00485 
2376   0.00486 
2377   0.004865
2378   0.00487 
2379   0.00487 
2380   0.004885
2381   0.004885
2382   0.00488 
2383   0.00488 
2384   0.00486 
2385   0.00486 
2386   0.00488 
2387   0.004875
2388   0.004875
2389   0.004865
2390   0.004865
2391   0.004855
2392   0.004865
2393   0.00487 
2394   0.004865
2395   0.00487 
2396   0.00486 
2397   0.00486 
2398   0.004855
2399   0.00486 
2400   0.004855
2401   0.004845
2402   0.00484 
2403   0.00484 
2404   0.00485 
2405   0.004855
2406   0.00485 
2407   0.00484 
2408   0.00484 
2409   0.004835
2410   0.00484 
2411   0.004845
2412   0.00484 
2413   0.004835
2414   0.004815
2415   0.00481 
2416   0.00482 
2417   0.00483 
2418   0.00483 
2419   0.00483 
2420   0.00483 
2421   0.00481 
2422   0.00483 
2423   0.00483 
2424   0.004825
2425   0.004815
2426   0.00481 
2427   0.004815
2428   0.00481 
2429   0.00482 
2430   0.004815
2431   0.00481 
2432   0.0048  
2433   0.00479 
2434   0.0048  
2435   0.00481 
2436   0.004815
2437   0.0048  
2438   0.00478 
2439   0.00477 
2440   0.00478 
2441   0.004795
2442   0.004785
2443   0.004795
2444   0.004805
2445   0.004825
2446   0.00487 
2447   0.004895
2448   0.0049  
2449   0.004895
2450   0.00488 
2451   0.00488 
2452   0.004885
2453   0.0049  
2454   0.00489 
2455   0.00489 
2456   0.00488 
2457   0.00488 
2458   0.00489 
2459   0.004895
2460   0.0049  
2461   0.004875
2462   0.00488 
2463   0.004865
2464   0.004875
2465   0.004885
2466   0.004875
2467   0.004865
2468   0.004865
2469   0.004855
2470   0.004865
2471   0.00486 
2472   0.004855
2473   0.004845
2474   0.00484 
2475   0.00485 
2476   0.00485 
2477   0.004865
2478   0.00487 
2479   0.00488 
2480   0.004875
2481   0.004885
2482   0.00488 
2483   0.004905
2484   0.00493 
2485   0.004965
2486   0.004975
2487   0.00501 
2488   0.005075
2489   0.00518 
2490   0.005285
2491   0.00538 
2492   0.00547 
2493   0.00559 
2494   0.00571 
2495   0.00579 
2496   0.005845
2497   0.005875
2498   0.00587 
2499   0.0058  
2500   0.00568 
2501   0.005545
2502   0.005355
2503   0.00516 
2504   0.005025
2505   0.00497 
2506   0.004955
2507   0.00495 
2508   0.00495 
2509   0.00494 
2510   0.004945
2511   0.004925
2512   0.00492 
2513   0.004915
2514   0.00489 
2515   0.00487 
2516   0.00485 
2517   0.00485 
2518   0.004855
2519   0.004855
2520   0.004835
2521   0.00482 
2522   0.004815
2523   0.004815
2524   0.004825
2525   0.00484 
2526   0.00483 
2527   0.00483 
2528   0.004825
2529   0.004825
2530   0.004825
2531   0.004835
2532   0.004845
2533   0.00485 
2534   0.004835
2535   0.00483 
2536   0.004835
2537   0.004845
2538   0.004835
2539   0.00484 
2540   0.00484 
2541   0.00484 
2542   0.004845
2543   0.00485 
2544   0.004845
2545   0.004835
2546   0.004825
2547   0.00483 
2548   0.00484 
2549   0.004845
2550   0.004845
2551   0.00484 
2552   0.004835
2553   0.00484 
2554   0.004845
2555   0.004855
2556   0.004865
2557   0.004855
2558   0.004865
2559   0.004885
2560   0.00491 
2561   0.004925
2562   0.00493 
2563   0.00494 
2564   0.004935
2565   0.004935
2566   0.004955
2567   0.004965
2568   0.00496 
2569   0.00495 
2570   0.004945
2571   0.004955
2572   0.004965
2573   0.004975
2574   0.004975
2575   0.00498 
2576   0.00498 
2577   0.00498 
2578   0.004985
2579   0.004995
2580   0.00499 
2581   0.00498 
2582   0.004955
2583   0.004945
2584   0.004945
2585   0.00494 
2586   0.00492 
2587   0.004905
2588   0.00489 
2589   0.00488 
2590   0.004885
2591   0.004885
2592   0.00487 
2593   0.00485 
2594   0.00485 
2595   0.004855
2596   0.00485 
2597   0.004845
2598   0.00483 
2599   0.004825
2600   0.00483 
2601   0.004825
2602   0.004835
2603   0.004845
2604   0.004835
2605   0.004835
2606   0.004825
2607   0.00483 
2608   0.00484 
2609   0.00484 
2610   0.004835
2611   0.00483 
2612   0.00483 
2613   0.004825
2614   0.004825
2615   0.00483 
2616   0.004835
2617   0.004845
2618   0.004845
2619   0.00486 
2620   0.00487 
2621   0.004885
2622   0.004885
2623   0.00488 
2624   0.00488 
2625   0.004865
2626   0.004875
2627   0.004875
2628   0.00487 
2629   0.00487 
2630   0.004875
2631   0.004875
2632   0.00488 
2633   0.004885
2634   0.00487 
2635   0.004875
2636   0.004865
2637   0.004865
2638   0.004865
2639   0.00487 
2640   0.00486 
2641   0.004855
2642   0.00485 
2643   0.00485 
2644   0.00485 
2645   0.00485 
2646   0.00485 
2647   0.00485 
2648   0.00485 
2649   0.00483 
2650   0.00483 
2651   0.00485 
2652   0.00485 
2653   0.00483 
2654   0.004835
2655   0.004835
2656   0.004835
2657   0.00484 
2658   0.004835
2659   0.004835
2660   0.004825
2661   0.00483 
2662   0.00483 
2663   0.004835
2664   0.004825
2665   0.004825
2666   0.004815
2667   0.00482 
2668   0.004815
2669   0.004825
2670   0.004825
2671   0.00482 
2672   0.004805
2673   0.004805
2674   0.0048  
2675   0.00481 
2676   0.00482 
2677   0.00481 
2678   0.004815
2679   0.00483 
2680   0.004845
2681   0.004855
2682   0.00485 
2683   0.004845
2684   0.00484 
2685   0.004835
2686   0.00484 
2687   0.004845
2688   0.004835
2689   0.004835
2690   0.00483 
2691   0.00483 
2692   0.00483 
2693   0.00484 
2694   0.00484 
2695   0.00483 
2696   0.004815
2697   0.00481 
2698   0.004825
2699   0.00484 
2700   0.004835
2701   0.004825
2702   0.00482 
2703   0.00482 
2704   0.004815
2705   0.00483 
2706   0.004825
2707   0.00485 
2708   0.004855
2709   0.004885
2710   0.00492 
2711   0.00494 
2712   0.004955
2713   0.004985
2714   0.00505 
2715   0.00514 
2716   0.00525 
2717   0.005355
2718   0.00547 
2719   0.005605
2720   0.005705
2721   0.0058  
2722   0.00588 
2723   0.005935
2724   0.00588 
2725   0.005725
2726   0.00552 
2727   0.00528 
2728   0.00508 
2729   0.004955
2730   0.004885
2731   0.004835
2732   0.004825
2733   0.004835
2734   0.00487 
2735   0.004885
2736   0.00488 
2737   0.004855
2738   0.004825
2739   0.00482 
2740   0.004825
2741   0.00485 
2742   0.004855
2743   0.004855
2744   0.004845
2745   0.00484 
2746   0.00485 
2747   0.00485 
2748   0.004845
2749   0.00484 
2750   0.00482 
2751   0.00482 
2752   0.00481 
2753   0.00482 
2754   0.00481 
2755   0.0048  
2756   0.00478 
2757   0.00478 
2758   0.004795
2759   0.004805
2760   0.0048  
2761   0.0048  
2762   0.004805
2763   0.00481 
2764   0.004825
2765   0.004835
2766   0.00483 
2767   0.004825
2768   0.00482 
2769   0.004825
2770   0.00483 
2771   0.00484 
2772   0.00483 
2773   0.00483 
2774   0.00482 
2775   0.00484 
2776   0.004845
2777   0.004855
2778   0.004855
2779   0.004855
2780   0.004855
2781   0.00486 
2782   0.00487 
2783   0.00488 
2784   0.004865
2785   0.004865
2786   0.004875
2787   0.00488 
2788   0.00489 
2789   0.0049  
2790   0.004905
2791   0.004905
2792   0.004915
2793   0.00492 
2794   0.004925
2795   0.00494 
2796   0.004955
2797   0.00497 
2798   0.004975
2799   0.00499 
2800   0.00501 
2801   0.005015
2802   0.00502 
2803   0.00501 
2804   0.004995
2805   0.00498 
2806   0.004995
2807   0.00499 
2808   0.00499 
2809   0.004975
2810   0.00496 
2811   0.004945
2812   0.004945
2813   0.00495 
2814   0.00493 
2815   0.0049  
2816   0.00488 
2817   0.004875
2818   0.004875
2819   0.00487 
2820   0.004865
2821   0.00485 
2822   0.004825
2823   0.004825
2824   0.004835
2825   0.00485 
2826   0.004845
2827   0.00484 
2828   0.00483 
2829   0.00482 
2830   0.00484 
2831   0.00484 
2832   0.00484 
2833   0.00483 
2834   0.004815
2835   0.004815
2836   0.00482 
2837   0.00483 
2838   0.004825
2839   0.00482 
2840   0.004815
2841   0.00481 
2842   0.00481 
2843   0.00482 
2844   0.004815
2845   0.00481 
2846   0.00479 
2847   0.004785
2848   0.004795
2849   0.004805
2850   0.004805
2851   0.00481 
2852   0.004805
2853   0.004805
2854   0.0048  
2855   0.00481 
2856   0.0048  
2857   0.00479 
2858   0.004775
2859   0.004775
2860   0.004775
2861   0.004805
2862   0.004805
2863   0.004815
2864   0.00482 
2865   0.004835
2866   0.00486 
2867   0.004875
2868   0.00487 
2869   0.004865
2870   0.00485 
2871   0.00485 
2872   0.00485 
2873   0.004855
2874   0.00485 
2875   0.00484 
2876   0.004845
2877   0.00485 
2878   0.00486 
2879   0.004865
2880   0.004855
2881   0.00485 
2882   0.004835
2883   0.004835
2884   0.00485 
2885   0.004865
2886   0.004865
2887   0.00485 
2888   0.004845
2889   0.004845
2890   0.004855
2891   0.004865
2892   0.00486 
2893   0.004855
2894   0.004845
2895   0.004845
2896   0.00484 
2897   0.004855
2898   0.00485 
2899   0.00485 
2900   0.00483 
2901   0.00483 
2902   0.004835
2903   0.00484 
2904   0.004835
2905   0.00482 
2906   0.004815
2907   0.004805
2908   0.004815
2909   0.00483 
2910   0.00483 
2911   0.004815
2912   0.004805
2913   0.004815
2914   0.004835
2915   0.004845
2916   0.00484 
2917   0.00482 
2918   0.00481 
2919   0.004815
2920   0.00482 
2921   0.004835
2922   0.004825
2923   0.00482 
2924   0.004815
2925   0.00481 
2926   0.00481 
2927   0.00483 
2928   0.00484 
2929   0.004825
2930   0.004835
2931   0.004845
2932   0.004865
2933   0.004895
2934   0.00489 
2935   0.004885
2936   0.004875
2937   0.004875
2938   0.00488 
2939   0.0049  
2940   0.0049  
2941   0.004905
2942   0.004905
2943   0.004915
2944   0.00495 
2945   0.004985
2946   0.005015
2947   0.005055
2948   0.00515 
2949   0.00525 
2950   0.005375
2951   0.005505
2952   0.00564 
2953   0.00576 
2954   0.00586 
2955   0.005945
2956   0.006035
2957   0.00611 
2958   0.006085
2959   0.00597 
2960   0.005775
2961   0.005545
2962   0.00531 
2963   0.005115
2964   0.004975
2965   0.004885
2966   0.004815
2967   0.004785
2968   0.004795
2969   0.00484 
2970   0.00486 
2971   0.004875
2972   0.00487 
2973   0.004855
2974   0.00486 
2975   0.00487 
2976   0.004855
2977   0.004845
2978   0.004835
2979   0.004815
2980   0.004825
2981   0.004825
2982   0.00481 
2983   0.004815
2984   0.00481 
2985   0.004795
2986   0.004795
2987   0.004805
2988   0.0048  
2989   0.0048  
2990   0.0048  
2991   0.0048  
2992   0.0048  
2993   0.00481 
2994   0.004805
2995   0.00481 
2996   0.00482 
2997   0.004815
2998   0.00483 
2999   0.004855
3000   0.00484 
3001   0.004835
3002   0.004825
3003   0.004825
3004   0.004845
3005   0.00485 
3006   0.00485 
3007   0.004855
3008   0.00485 
3009   0.004855
3010   0.00486 
3011   0.00486 
3012   0.004865
3013   0.004855
3014   0.00486 
3015   0.004865
3016   0.00487 
3017   0.004865
3018   0.004885
3019   0.00488 
3020   0.004875
3021   0.00488 
3022   0.004885
3023   0.004905
3024   0.004905
3025   0.004905
3026   0.0049  
3027   0.00491 
3028   0.004925
3029   0.004945
3030   0.004945
3031   0.004945
3032   0.004945
3033   0.00494 
3034   0.004955
3035   0.004965
3036   0.004965
3037   0.00497 
3038   0.004965
3039   0.004965
3040   0.004965
3041   0.00497 
3042   0.004975
3043   0.004975
3044   0.004965
3045   0.004965
3046   0.004965
3047   0.004965
3048   0.00496 
3049   0.00495 
3050   0.004935
3051   0.004925
3052   0.00492 
3053   0.004905
3054   0.004895
3055   0.00489 
3056   0.004865
3057   0.004855
3058   0.00485 
3059   0.00486 
3060   0.00485 
3061   0.004845
3062   0.004845
3063   0.004845
3064   0.004865
3065   0.004875
3066   0.004875
3067   0.004875
3068   0.004865
3069   0.00488 
3070   0.004885
3071   0.004895
3072   0.00489 
3073   0.004875
3074   0.004865
3075   0.00487 
3076   0.00487 
3077   0.004875
3078   0.00487 
3079   0.00487 
3080   0.004865
3081   0.004865
3082   0.004865
3083   0.00488 
3084   0.004895
3085   0.004885
3086   0.00488 
3087   0.004885
3088   0.0049  
3089   0.0049  
3090   0.00489 
3091   0.00488 
3092   0.00487 
3093   0.00488 
3094   0.00489 
3095   0.004895
3096   0.004895
3097   0.00488 
3098   0.004875
3099   0.004865
3100   0.00488 
3101   0.004875
3102   0.00488 
3103   0.00487 
3104   0.004865
3105   0.004865
3106   0.00488 
3107   0.00489 
3108   0.004885
3109   0.004875
3110   0.00486 
3111   0.00486 
3112   0.00487 
3113   0.004875
3114   0.00487 
3115   0.004855
3116   0.00485 
3117   0.004845
3118   0.004845
3119   0.00483 
3120   0.004845
3121   0.00482 
3122   0.0048  
3123   0.004795
3124   0.0048  
3125   0.004815
3126   0.004805
3127   0.004785
3128   0.004775
3129   0.004775
3130   0.0048  
3131   0.00483 
3132   0.004835
3133   0.004835
3134   0.004845
3135   0.00485 
3136   0.00487 
3137   0.00488 
3138   0.00491 
3139   0.00492 
3140   0.004915
3141   0.00492 
3142   0.00493 
3143   0.00494 
3144   0.004925
3145   0.00491 
3146   0.00491 
3147   0.0049  
3148   0.0049  
3149   0.00492 
3150   0.004915
3151   0.00489 
3152   0.00487 
3153   0.00487 
3154   0.00488 
3155   0.004885
3156   0.004885
3157   0.004875
3158   0.00485 
3159   0.004845
3160   0.00485 
3161   0.004855
3162   0.00486 
3163   0.00485 
3164   0.004845
3165   0.004845
3166   0.004855
3167   0.004875
3168   0.004865
3169   0.004855
3170   0.00484 
3171   0.004845
3172   0.00485 
3173   0.00486 
3174   0.00486 
3175   0.004855
3176   0.004835
3177   0.004835
3178   0.004845
3179   0.00486 
3180   0.00486 
3181   0.004855
3182   0.00485 
3183   0.00486 
3184   0.00489 
3185   0.004925
3186   0.004945
3187   0.004965
3188   0.005   
3189   0.00508 
3190   0.005185
3191   0.00528 
3192   0.005375
3193   0.005465
3194   0.00557 
3195   0.005665
3196   0.00573 
3197   0.005795
3198   0.00585 
3199   0.005865
3200   0.0058  
3201   0.005705
3202   0.00558 
3203   0.00544 
3204   0.005275
3205   0.005135
3206   0.005065
3207   0.005015
3208   0.004985
3209   0.00499 
3210   0.004985
3211   0.00498 
3212   0.004965
3213   0.004945
3214   0.004935
3215   0.004935
3216   0.00492 
3217   0.004905
3218   0.004885
3219   0.004875
3220   0.004875
3221   0.00488 
3222   0.00487 
3223   0.00487 
3224   0.00484 
3225   0.004835
3226   0.004845
3227   0.004845
3228   0.004845
3229   0.004845
3230   0.004835
3231   0.00483 
3232   0.00484 
3233   0.004845
3234   0.004835
3235   0.004835
3236   0.004825
3237   0.00483 
3238   0.00484 
3239   0.004835
3240   0.00483 
3241   0.004825
3242   0.004825
3243   0.00481 
3244   0.00482 
3245   0.00484 
3246   0.004835
3247   0.004835
3248   0.00483 
3249   0.00483 
3250   0.00483 
3251   0.004845
3252   0.004835
3253   0.004855
3254   0.004845
3255   0.00485 
3256   0.004865
3257   0.00488 
3258   0.004875
3259   0.00489 
3260   0.004885
3261   0.004885
3262   0.004905
3263   0.004915
3264   0.004915
3265   0.0049  
3266   0.004875
3267   0.00489 
3268   0.00491 
3269   0.004915
3270   0.004915
3271   0.004905
3272   0.00491 
3273   0.004925
3274   0.00494 
3275   0.004955
3276   0.004965
3277   0.004965
3278   0.00498 
3279   0.004995
3280   0.005015
3281   0.005015
3282   0.00502 
3283   0.005005
3284   0.004985
3285   0.004995
3286   0.00501 
3287   0.00502 
3288   0.00501 
3289   0.005005
3290   0.004995
3291   0.00499 
3292   0.004995
3293   0.005005
3294   0.00499 
3295   0.004975
3296   0.00496 
3297   0.004955
3298   0.00495 
3299   0.004955
3300   0.00495 
3301   0.004925
3302   0.004905
3303   0.004905
3304   0.004905
3305   0.0049  
3306   0.004905
3307   0.00489 
3308   0.00488 
3309   0.004865
3310   0.004875
3311   0.004875
3312   0.00488 
3313   0.00487 
3314   0.004855
3315   0.00486 
3316   0.004885
3317   0.004895
3318   0.004895
3319   0.004885
3320   0.00486 
3321   0.004855
3322   0.00487 
3323   0.00488 
3324   0.00486 
3325   0.00486 
3326   0.00485 
3327   0.00485 
3328   0.004855
3329   0.00487 
3330   0.00487 
3331   0.004865
3332   0.00485 
3333   0.004835
3334   0.004845
3335   0.004855
3336   0.00484 
3337   0.00484 
3338   0.004835
3339   0.004835
3340   0.00484 
3341   0.00485 
3342   0.00485 
3343   0.00486 
3344   0.004865
3345   0.00487 
3346   0.004885
3347   0.0049  
3348   0.004905
3349   0.004895
3350   0.00488 
3351   0.004885
3352   0.00489 
3353   0.0049  
3354   0.0049  
3355   0.004895
3356   0.00488 
3357   0.004885
3358   0.004885
3359   0.0049  
3360   0.004885
3361   0.004875
3362   0.004875
3363   0.004865
3364   0.004875
3365   0.00489 
3366   0.004875
3367   0.004875
3368   0.004865
3369   0.00488 
3370   0.004885
3371   0.00489 
3372   0.004885
3373   0.00487 
3374   0.004865
3375   0.004865
3376   0.00487 
3377   0.004875
3378   0.00488 
3379   0.00486 
3380   0.004855
3381   0.00484 
3382   0.00485 
3383   0.00485 
3384   0.004845
3385   0.00484 
3386   0.00484 
3387   0.00484 
3388   0.00484 
3389   0.00485 
3390   0.00484 
3391   0.004835
3392   0.00483 
3393   0.004835
3394   0.004835
3395   0.00484 
3396   0.00484 
3397   0.004835
3398   0.004825
3399   0.004825
3400   0.00484 
3401   0.00485 
3402   0.00485 
3403   0.00484 
3404   0.004835
3405   0.00485 
3406   0.00485 
3407   0.00486 
3408   0.004855
3409   0.004855
3410   0.004855
3411   0.00485 
3412   0.004855
3413   0.004865
3414   0.004865
3415   0.004855
3416   0.004845
3417   0.004855
3418   0.00485 
3419   0.00486 
3420   0.00486 
3421   0.00485 
3422   0.004845
3423   0.004855
3424   0.00487 
3425   0.004895
3426   0.004885
3427   0.004875
3428   0.00485 
3429   0.00486 
3430   0.00486 
3431   0.004875
3432   0.00487 
3433   0.004865
3434   0.00484 
3435   0.004845
3436   0.004845
3437   0.004855
3438   0.00484 
3439   0.004835
3440   0.00483 
3441   0.004835
3442   0.004845
3443   0.00485 
3444   0.004855
3445   0.00483 
3446   0.004825
3447   0.00482 
3448   0.00483 
3449   0.00485 
3450   0.004845
3451   0.00483 
3452   0.004825
3453   0.00483 
3454   0.00485 
3455   0.004865
3456   0.00487 
3457   0.00489 
3458   0.0049  
3459   0.00492 
3460   0.00496 
3461   0.00499 
3462   0.00506 
3463   0.005145
3464   0.005225
3465   0.005315
3466   0.005415
3467   0.00554 
3468   0.00567 
3469   0.005755
3470   0.005795
3471   0.005865
3472   0.005915
3473   0.005905
3474   0.005815
3475   0.00568 
3476   0.00551 
3477   0.00531 
3478   0.00516 
3479   0.005065
3480   0.00502 
3481   0.004985
3482   0.00494 
3483   0.004925
3484   0.004935
3485   0.004955
3486   0.004955
3487   0.004935
3488   0.00491 
3489   0.0049  
3490   0.0049  
3491   0.004895
3492   0.004885
3493   0.004885
3494   0.004865
3495   0.004855
3496   0.00486 
3497   0.00486 
3498   0.00486 
3499   0.00485 
3500   0.00483 
3501   0.004835
3502   0.004835
3503   0.00484 
3504   0.004825
3505   0.004825
3506   0.004805
3507   0.00481 
3508   0.004815
3509   0.00482 
3510   0.004825
3511   0.004815
3512   0.004805
3513   0.00481 
3514   0.00481 
3515   0.00482 
3516   0.00482 
3517   0.00483 
3518   0.00481 
3519   0.00481 
3520   0.00482 
3521   0.00483 
3522   0.00484 
3523   0.004835
3524   0.004825
3525   0.004845
3526   0.004855
3527   0.00487 
3528   0.004875
3529   0.00487 
3530   0.004875
3531   0.004875
3532   0.00488 
3533   0.004895
3534   0.004905
3535   0.00492 
3536   0.00492 
3537   0.00495 
3538   0.00495 
3539   0.00496 
3540   0.00496 
3541   0.004965
3542   0.00496 
3543   0.00497 
3544   0.00498 
3545   0.004985
3546   0.00499 
3547   0.004975
3548   0.00498 
3549   0.004985
3550   0.004995
3551   0.005   
3552   0.004995
3553   0.00499 
3554   0.00498 
3555   0.005   
3556   0.005   
3557   0.005005
3558   0.00501 
3559   0.004995
3560   0.00499 
3561   0.004995
3562   0.005   
3563   0.005005
3564   0.00501 
3565   0.00499 
3566   0.00497 
3567   0.004975
3568   0.004975
3569   0.00498 
3570   0.00497 
3571   0.004955
3572   0.00493 
3573   0.004925
3574   0.00492 
3575   0.004925
3576   0.00492 
3577   0.004905
3578   0.0049  
3579   0.004895
3580   0.004905
3581   0.0049  
3582   0.0049  
3583   0.004895
3584   0.00489 
3585   0.004885
3586   0.00489 
3587   0.004895
3588   0.0049  
3589   0.00489 
3590   0.004875
3591   0.00488 
3592   0.00489 
3593   0.004895
3594   0.004895
3595   0.00488 
3596   0.00487 
3597   0.00487 
3598   0.00487 
3599   0.004875
3600   0.004875
